   3.3571000e-04
   3.3576000e-04
   3.3635000e-04
   3.3634000e-04
   3.3707000e-04
   3.3699000e-04
   3.3859000e-04
   3.3741000e-04
   3.3773000e-04
   3.3740000e-04
   3.3773000e-04
   3.3758000e-04
   3.3734000e-04
   3.3720000e-04
   3.3724000e-04
   3.3765000e-04
   3.3884000e-04
   3.3869000e-04
   3.3881000e-04
   3.3905000e-04
   3.3895000e-04
   3.3790000e-04
   3.3854000e-04
   3.3861000e-04
   3.3842000e-04
   3.3847000e-04
   3.3864000e-04
   3.3908000e-04
   3.3911000e-04
   3.3975000e-04
   3.3950000e-04
   3.4042000e-04
   3.3981000e-04
   3.3983000e-04
   3.3999000e-04
   3.3997000e-04
   3.3982000e-04
   3.3991000e-04
   3.4030000e-04
   3.4037000e-04
   3.4064000e-04
   3.4111000e-04
   3.4127000e-04
   3.4205000e-04
   3.4168000e-04
   3.4133000e-04
   3.4144000e-04
   3.4142000e-04
   3.4138000e-04
   3.4150000e-04
   3.4140000e-04
   3.4102000e-04
   3.4191000e-04
   3.4237000e-04
   3.4297000e-04
   3.4299000e-04
   3.4275000e-04
   3.4256000e-04
   3.4285000e-04
   3.4264000e-04
   3.4247000e-04
   3.4257000e-04
   3.4258000e-04
   3.4299000e-04
   3.4319000e-04
   3.4365000e-04
   3.4410000e-04
   3.4429000e-04
   3.4422000e-04
   3.4376000e-04
   3.4390000e-04
   3.4402000e-04
   3.4332000e-04
   3.4396000e-04
   3.4488000e-04
   3.4442000e-04
   3.4501000e-04
   3.4515000e-04
   3.4540000e-04
   3.4547000e-04
   3.4597000e-04
   3.4426000e-04
   3.4553000e-04
   3.4568000e-04
   3.4556000e-04
   3.4637000e-04
   3.4566000e-04
   3.4619000e-04
   3.4679000e-04
   3.4669000e-04
   3.4719000e-04
   3.4731000e-04
   3.4821000e-04
   3.4736000e-04
   3.4719000e-04
   3.4860000e-04
   3.4792000e-04
   3.4781000e-04
   3.4798000e-04
   3.4811000e-04
   3.4894000e-04
   3.4847000e-04
   3.4888000e-04
   3.4962000e-04
   3.4957000e-04
   3.4957000e-04
   3.4902000e-04
   3.4942000e-04
   3.4964000e-04
   3.4882000e-04
   3.5011000e-04
   3.5058000e-04
   3.5036000e-04
   3.5001000e-04
   3.5089000e-04
   3.5116000e-04
   3.5084000e-04
   3.5072000e-04
   3.5139000e-04
   3.5047000e-04
   3.5065000e-04
   3.5064000e-04
   3.5091000e-04
   3.4976000e-04
   3.5129000e-04
   3.5148000e-04
   3.5228000e-04
   3.5197000e-04
   3.5293000e-04
   3.5135000e-04
   3.5234000e-04
   3.5209000e-04
   3.5199000e-04
   3.5175000e-04
   3.5215000e-04
   3.5240000e-04
   3.5262000e-04
   3.5419000e-04
   3.5360000e-04
   3.5363000e-04
   3.5300000e-04
   3.5290000e-04
   3.5293000e-04
   3.5321000e-04
   3.5220000e-04
   3.5310000e-04
   3.5338000e-04
   3.5342000e-04
   3.5350000e-04
   3.5489000e-04
   3.5474000e-04
   3.5525000e-04
   3.5481000e-04
   3.5475000e-04
   3.5418000e-04
   3.5435000e-04
   3.5383000e-04
   3.5360000e-04
   3.5532000e-04
   3.5442000e-04
   3.5506000e-04
   3.5454000e-04
   3.5585000e-04
   3.5548000e-04
   3.5605000e-04
   3.5511000e-04
   3.5566000e-04
   3.5514000e-04
   3.5482000e-04
   3.5514000e-04
   3.5613000e-04
   3.5597000e-04
   3.5590000e-04
   3.5612000e-04
   3.5706000e-04
   3.5739000e-04
   3.5761000e-04
   3.5773000e-04
   3.5688000e-04
   3.5698000e-04
   3.5645000e-04
   3.5619000e-04
   3.5719000e-04
   3.5713000e-04
   3.5709000e-04
   3.5814000e-04
   3.5865000e-04
   3.5898000e-04
   3.5887000e-04
   3.5814000e-04
   3.5886000e-04
   3.5845000e-04
   3.5865000e-04
   3.5897000e-04
   3.6038000e-04
   3.5869000e-04
   3.5977000e-04
   3.5989000e-04
   3.5997000e-04
   3.6045000e-04
   3.6037000e-04
   3.5927000e-04
   3.5978000e-04
   3.6070000e-04
   3.5992000e-04
   3.6000000e-04
   3.6024000e-04
   3.6001000e-04
   3.6035000e-04
   3.6127000e-04
   3.6170000e-04
   3.6175000e-04
   3.6207000e-04
   3.6183000e-04
   3.6192000e-04
   3.6213000e-04
   3.6228000e-04
   3.6250000e-04
   3.6278000e-04
   3.6301000e-04
   3.6302000e-04
   3.6373000e-04
   3.6409000e-04
   3.6454000e-04
   3.6486000e-04
   3.6422000e-04
   3.6426000e-04
   3.6436000e-04
   3.6496000e-04
   3.6539000e-04
   3.6465000e-04
   3.6389000e-04
   3.6505000e-04
   3.6535000e-04
   3.6619000e-04
   3.6620000e-04
   3.6613000e-04
   3.6654000e-04
   3.6605000e-04
   3.6585000e-04
   3.6563000e-04
   3.6573000e-04
   3.6615000e-04
   3.6611000e-04
   3.6611000e-04
   3.6678000e-04
   3.6762000e-04
   3.6625000e-04
   3.6731000e-04
   3.6697000e-04
   3.6736000e-04
   3.6710000e-04
   3.6695000e-04
   3.6705000e-04
   3.6707000e-04
   3.6723000e-04
   3.6816000e-04
   3.6834000e-04
   3.6875000e-04
   3.6909000e-04
   3.6859000e-04
   3.6900000e-04
   3.6890000e-04
   3.6909000e-04
   3.6901000e-04
   3.6917000e-04
   3.6954000e-04
   3.6979000e-04
   3.6993000e-04
   3.7070000e-04
   3.7115000e-04
   3.7155000e-04
   3.7158000e-04
   3.7159000e-04
   3.7169000e-04
   3.7163000e-04
   3.7155000e-04
   3.7169000e-04
   3.7203000e-04
   3.7226000e-04
   3.7273000e-04
   3.7328000e-04
   3.7348000e-04
   3.7340000e-04
   3.7377000e-04
   3.7339000e-04
   3.7349000e-04
   3.7363000e-04
   3.7349000e-04
   3.7359000e-04
   3.7385000e-04
   3.7438000e-04
   3.7432000e-04
   3.7498000e-04
   3.7506000e-04
   3.7498000e-04
   3.7535000e-04
   3.7503000e-04
   3.7504000e-04
   3.7475000e-04
   3.7505000e-04
   3.7546000e-04
   3.7536000e-04
   3.7441000e-04
   3.7591000e-04
   3.7680000e-04
   3.7703000e-04
   3.7844000e-04
   3.7742000e-04
   3.7756000e-04
   3.7722000e-04
   3.7739000e-04
   3.7719000e-04
   3.7741000e-04
   3.7776000e-04
   3.7802000e-04
   3.7832000e-04
   3.7884000e-04
   3.7910000e-04
   3.7938000e-04
   3.7941000e-04
   3.7891000e-04
   3.7914000e-04
   3.7902000e-04
   3.7917000e-04
   3.7929000e-04
   3.7961000e-04
   3.8023000e-04
   3.8010000e-04
   3.8065000e-04
   3.8090000e-04
   3.8080000e-04
   3.8113000e-04
   3.8123000e-04
   3.8105000e-04
   3.8121000e-04
   3.8151000e-04
   3.8121000e-04
   3.8172000e-04
   3.8108000e-04
   3.8203000e-04
   3.8254000e-04
   3.8294000e-04
   3.8326000e-04
   3.8330000e-04
   3.8292000e-04
   3.8296000e-04
   3.8309000e-04
   3.8289000e-04
   3.8303000e-04
   3.8406000e-04
   3.8430000e-04
   3.8372000e-04
   3.8414000e-04
   3.8449000e-04
   3.8456000e-04
   3.8430000e-04
   3.8351000e-04
   3.8438000e-04
   3.8394000e-04
   3.8441000e-04
   3.8502000e-04
   3.8489000e-04
   3.8480000e-04
   3.8546000e-04
   3.8550000e-04
   3.8628000e-04
   3.8706000e-04
   3.8688000e-04
   3.8702000e-04
   3.8670000e-04
   3.8744000e-04
   3.8701000e-04
   3.8685000e-04
   3.8636000e-04
   3.8830000e-04
   3.8756000e-04
   3.8802000e-04
   3.8820000e-04
   3.8865000e-04
   3.8927000e-04
   3.8774000e-04
   3.8826000e-04
   3.8839000e-04
   3.8814000e-04
   3.8801000e-04
   3.8822000e-04
   3.8828000e-04
   3.8898000e-04
   3.9038000e-04
   3.9045000e-04
   3.9062000e-04
   3.9140000e-04
   3.9075000e-04
   3.9090000e-04
   3.9141000e-04
   3.9147000e-04
   3.9099000e-04
   3.9175000e-04
   3.9196000e-04
   3.9255000e-04
   3.9295000e-04
   3.9328000e-04
   3.9362000e-04
   3.9391000e-04
   3.9330000e-04
   3.9334000e-04
   3.9347000e-04
   3.9301000e-04
   3.9299000e-04
   3.9369000e-04
   3.9444000e-04
   3.9417000e-04
   3.9466000e-04
   3.9504000e-04
   3.9432000e-04
   3.9567000e-04
   3.9505000e-04
   3.9501000e-04
   3.9563000e-04
   3.9521000e-04
   3.9482000e-04
   3.9576000e-04
   3.9604000e-04
   3.9643000e-04
   3.9589000e-04
   3.9786000e-04
   3.9801000e-04
   3.9812000e-04
   3.9769000e-04
   3.9814000e-04
   3.9875000e-04
   3.9878000e-04
   3.9865000e-04
   3.9911000e-04
   3.9935000e-04
   3.9972000e-04
   4.0057000e-04
   4.0073000e-04
   4.0128000e-04
   4.0107000e-04
   4.0152000e-04
   4.0084000e-04
   4.0098000e-04
   3.9952000e-04
   4.0077000e-04
   4.0129000e-04
   4.0149000e-04
   4.0179000e-04
   4.0197000e-04
   4.0354000e-04
   4.0321000e-04
   4.0302000e-04
   4.0273000e-04
   4.0273000e-04
   4.0291000e-04
